Angle	Frequency	RCS	EsX.real	EsX.imag	EsY.real	EsY.imag	EsZ.real	EsZ.imag	JX.real	JX.imag	JY.real	JY.imag	JZ.real	JZ.imag

0.00	5.0000	-12.822520	-2.231020e-02	6.047264e-02	0.000000e+00	0.000000e+00	0.000000e+00	0.000000e+00	5.844171e+01	0.000000e+00	0.000000e+00	0.000000e+00	-2.175351e+00	0.000000e+00

0.00	5.0500	-25.377531	1.399916e-02	-5.892193e-03	0.000000e+00	0.000000e+00	0.000000e+00	0.000000e+00	5.844171e+01	0.000000e+00	0.000000e+00	0.000000e+00	-2.175351e+00	0.000000e+00

0.00	5.1000	-10.318398	-6.582145e-04	-8.599287e-02	0.000000e+00	0.000000e+00	0.000000e+00	0.000000e+00	5.844171e+01	0.000000e+00	0.000000e+00	0.000000e+00	-2.175351e+00	0.000000e+00

0.00	5.1500	-5.060503	-6.695645e-02	-1.425949e-01	0.000000e+00	0.000000e+00	0.000000e+00	0.000000e+00	5.844171e+01	0.000000e+00	0.000000e+00	0.000000e+00	-2.175351e+00	0.000000e+00

0.00	5.2000	-2.320776	-1.594726e-01	-1.456144e-01	0.000000e+00	0.000000e+00	0.000000e+00	0.000000e+00	5.844171e+01	0.000000e+00	0.000000e+00	0.000000e+00	-2.175351e+00	0.000000e+00

0.00	5.2500	-0.931421	-2.374926e-01	-8.839659e-02	0.000000e+00	0.000000e+00	0.000000e+00	0.000000e+00	5.844171e+01	0.000000e+00	0.000000e+00	0.000000e+00	-2.175351e+00	0.000000e+00

0.00	5.3000	-0.560445	-2.643678e-01	7.272651e-03	0.000000e+00	0.000000e+00	0.000000e+00	0.000000e+00	5.844171e+01	0.000000e+00	0.000000e+00	0.000000e+00	-2.175351e+00	0.000000e+00

0.00	5.3500	-1.153670	-2.256554e-01	1.004626e-01	0.000000e+00	0.000000e+00	0.000000e+00	0.000000e+00	5.844171e+01	0.000000e+00	0.000000e+00	0.000000e+00	-2.175351e+00	0.000000e+00

0.00	5.4000	-2.850614	-1.366530e-01	1.503493e-01	0.000000e+00	0.000000e+00	0.000000e+00	0.000000e+00	5.844171e+01	0.000000e+00	0.000000e+00	0.000000e+00	-2.175351e+00	0.000000e+00

0.00	5.4500	-6.067312	-3.522982e-02	1.357954e-01	0.000000e+00	0.000000e+00	0.000000e+00	0.000000e+00	5.844171e+01	0.000000e+00	0.000000e+00	0.000000e+00	-2.175351e+00	0.000000e+00

0.00	5.5000	-11.524779	3.660639e-02	6.528073e-02	0.000000e+00	0.000000e+00	0.000000e+00	0.000000e+00	5.844171e+01	0.000000e+00	0.000000e+00	0.000000e+00	-2.175351e+00	0.000000e+00

0.00	5.5500	-13.443036	5.310113e-02	-2.796062e-02	0.000000e+00	0.000000e+00	0.000000e+00	0.000000e+00	5.844171e+01	0.000000e+00	0.000000e+00	0.000000e+00	-2.175351e+00	0.000000e+00

0.00	5.6000	-8.625560	1.668587e-02	-1.031594e-01	0.000000e+00	0.000000e+00	0.000000e+00	0.000000e+00	5.844171e+01	0.000000e+00	0.000000e+00	0.000000e+00	-2.175351e+00	0.000000e+00

0.00	5.6500	-6.081698	-4.467693e-02	-1.327419e-01	0.000000e+00	0.000000e+00	0.000000e+00	0.000000e+00	5.844171e+01	0.000000e+00	0.000000e+00	0.000000e+00	-2.175351e+00	0.000000e+00

0.00	5.7000	-5.557705	-9.333705e-02	-1.158453e-01	0.000000e+00	0.000000e+00	0.000000e+00	0.000000e+00	5.844171e+01	0.000000e+00	0.000000e+00	0.000000e+00	-2.175351e+00	0.000000e+00

0.00	5.7500	-6.815524	-1.027064e-01	-7.757681e-02	0.000000e+00	0.000000e+00	0.000000e+00	0.000000e+00	5.844171e+01	0.000000e+00	0.000000e+00	0.000000e+00	-2.175351e+00	0.000000e+00

0.00	5.8000	-9.901785	-7.199688e-02	-5.437104e-02	0.000000e+00	0.000000e+00	0.000000e+00	0.000000e+00	5.844171e+01	0.000000e+00	0.000000e+00	0.000000e+00	-2.175351e+00	0.000000e+00

0.00	5.8500	-11.171532	-2.706326e-02	-7.310163e-02	0.000000e+00	0.000000e+00	0.000000e+00	0.000000e+00	5.844171e+01	0.000000e+00	0.000000e+00	0.000000e+00	-2.175351e+00	0.000000e+00

0.00	5.9000	-6.391280	-6.669761e-03	-1.349900e-01	0.000000e+00	0.000000e+00	0.000000e+00	0.000000e+00	5.844171e+01	0.000000e+00	0.000000e+00	0.000000e+00	-2.175351e+00	0.000000e+00

0.00	5.9500	-2.280504	-4.116345e-02	-2.130143e-01	0.000000e+00	0.000000e+00	0.000000e+00	0.000000e+00	5.844171e+01	0.000000e+00	0.000000e+00	0.000000e+00	-2.175351e+00	0.000000e+00

0.00	6.0000	0.444032	-1.346756e-01	-2.645876e-01	0.000000e+00	0.000000e+00	0.000000e+00	0.000000e+00	5.844171e+01	0.000000e+00	0.000000e+00	0.000000e+00	-2.175351e+00	0.000000e+00

0.00	6.0500	2.196335	-2.603753e-01	-2.532963e-01	0.000000e+00	0.000000e+00	0.000000e+00	0.000000e+00	5.844171e+01	0.000000e+00	0.000000e+00	0.000000e+00	-2.175351e+00	0.000000e+00

0.00	6.1000	3.208681	-3.717092e-01	-1.685996e-01	0.000000e+00	0.000000e+00	0.000000e+00	0.000000e+00	5.844171e+01	0.000000e+00	0.000000e+00	0.000000e+00	-2.175351e+00	0.000000e+00

0.00	6.1500	3.572598	-4.243276e-01	-3.318073e-02	0.000000e+00	0.000000e+00	0.000000e+00	0.000000e+00	5.844171e+01	0.000000e+00	0.000000e+00	0.000000e+00	-2.175351e+00	0.000000e+00

0.00	6.2000	3.283599	-3.977563e-01	1.062178e-01	0.000000e+00	0.000000e+00	0.000000e+00	0.000000e+00	5.844171e+01	0.000000e+00	0.000000e+00	0.000000e+00	-2.175351e+00	0.000000e+00

0.00	6.2500	2.250225	-3.057868e-01	2.002407e-01	0.000000e+00	0.000000e+00	0.000000e+00	0.000000e+00	5.844171e+01	0.000000e+00	0.000000e+00	0.000000e+00	-2.175351e+00	0.000000e+00

0.00	6.3000	0.264767	-1.901338e-01	2.200659e-01	0.000000e+00	0.000000e+00	0.000000e+00	0.000000e+00	5.844171e+01	0.000000e+00	0.000000e+00	0.000000e+00	-2.175351e+00	0.000000e+00

0.00	6.3500	-3.075676	-1.003600e-01	1.706521e-01	0.000000e+00	0.000000e+00	0.000000e+00	0.000000e+00	5.844171e+01	0.000000e+00	0.000000e+00	0.000000e+00	-2.175351e+00	0.000000e+00

0.00	6.4000	-8.021927	-7.006625e-02	8.740357e-02	0.000000e+00	0.000000e+00	0.000000e+00	0.000000e+00	5.844171e+01	0.000000e+00	0.000000e+00	0.000000e+00	-2.175351e+00	0.000000e+00

0.00	6.4500	-8.761755	-1.012999e-01	1.792949e-02	0.000000e+00	0.000000e+00	0.000000e+00	0.000000e+00	5.844171e+01	0.000000e+00	0.000000e+00	0.000000e+00	-2.175351e+00	0.000000e+00

0.00	6.5000	-4.657878	-1.649960e-01	-1.861246e-03	0.000000e+00	0.000000e+00	0.000000e+00	0.000000e+00	5.844171e+01	0.000000e+00	0.000000e+00	0.000000e+00	-2.175351e+00	0.000000e+00

0.00	6.5500	-2.163934	-2.171167e-01	3.479015e-02	0.000000e+00	0.000000e+00	0.000000e+00	0.000000e+00	5.844171e+01	0.000000e+00	0.000000e+00	0.000000e+00	-2.175351e+00	0.000000e+00

0.00	6.6000	-1.224686	-2.221474e-01	1.033153e-01	0.000000e+00	0.000000e+00	0.000000e+00	0.000000e+00	5.844171e+01	0.000000e+00	0.000000e+00	0.000000e+00	-2.175351e+00	0.000000e+00

0.00	6.6500	-1.545731	-1.718466e-01	1.619110e-01	0.000000e+00	0.000000e+00	0.000000e+00	0.000000e+00	5.844171e+01	0.000000e+00	0.000000e+00	0.000000e+00	-2.175351e+00	0.000000e+00

0.00	6.7000	-3.154441	-8.957519e-02	1.745455e-01	0.000000e+00	0.000000e+00	0.000000e+00	0.000000e+00	5.844171e+01	0.000000e+00	0.000000e+00	0.000000e+00	-2.175351e+00	0.000000e+00

0.00	6.7500	-6.586808	-1.793316e-02	1.309237e-01	0.000000e+00	0.000000e+00	0.000000e+00	0.000000e+00	5.844171e+01	0.000000e+00	0.000000e+00	0.000000e+00	-2.175351e+00	0.000000e+00

0.00	6.8000	-14.501541	3.973071e-03	5.297856e-02	0.000000e+00	0.000000e+00	0.000000e+00	0.000000e+00	5.844171e+01	0.000000e+00	0.000000e+00	0.000000e+00	-2.175351e+00	0.000000e+00

0.00	6.8500	-16.714716	-3.808492e-02	-1.565631e-02	0.000000e+00	0.000000e+00	0.000000e+00	0.000000e+00	5.844171e+01	0.000000e+00	0.000000e+00	0.000000e+00	-2.175351e+00	0.000000e+00

0.00	6.9000	-6.823959	-1.245455e-01	-3.198498e-02	0.000000e+00	0.000000e+00	0.000000e+00	0.000000e+00	5.844171e+01	0.000000e+00	0.000000e+00	0.000000e+00	-2.175351e+00	0.000000e+00

0.00	6.9500	-2.491095	-2.104457e-01	2.354089e-02	0.000000e+00	0.000000e+00	0.000000e+00	0.000000e+00	5.844171e+01	0.000000e+00	0.000000e+00	0.000000e+00	-2.175351e+00	0.000000e+00

0.00	7.0000	-0.008495	-2.471320e-01	1.354539e-01	0.000000e+00	0.000000e+00	0.000000e+00	0.000000e+00	5.844171e+01	0.000000e+00	0.000000e+00	0.000000e+00	-2.175351e+00	0.000000e+00

0.00	7.0500	1.395963	-2.064852e-01	2.590546e-01	0.000000e+00	0.000000e+00	0.000000e+00	0.000000e+00	5.844171e+01	0.000000e+00	0.000000e+00	0.000000e+00	-2.175351e+00	0.000000e+00

0.00	7.1000	1.973025	-9.548236e-02	3.409164e-01	0.000000e+00	0.000000e+00	0.000000e+00	0.000000e+00	5.844171e+01	0.000000e+00	0.000000e+00	0.000000e+00	-2.175351e+00	0.000000e+00

0.00	7.1500	1.802119	4.628138e-02	3.440381e-01	0.000000e+00	0.000000e+00	0.000000e+00	0.000000e+00	5.844171e+01	0.000000e+00	0.000000e+00	0.000000e+00	-2.175351e+00	0.000000e+00

0.00	7.2000	0.884201	1.649550e-01	2.652094e-01	0.000000e+00	0.000000e+00	0.000000e+00	0.000000e+00	5.844171e+01	0.000000e+00	0.000000e+00	0.000000e+00	-2.175351e+00	0.000000e+00

0.00	7.2500	-0.822187	2.175813e-01	1.360542e-01	0.000000e+00	0.000000e+00	0.000000e+00	0.000000e+00	5.844171e+01	0.000000e+00	0.000000e+00	0.000000e+00	-2.175351e+00	0.000000e+00

0.00	7.3000	-3.353295	1.916051e-01	7.396188e-03	0.000000e+00	0.000000e+00	0.000000e+00	0.000000e+00	5.844171e+01	0.000000e+00	0.000000e+00	0.000000e+00	-2.175351e+00	0.000000e+00

0.00	7.3500	-6.558923	1.092414e-01	-7.510944e-02	0.000000e+00	0.000000e+00	0.000000e+00	0.000000e+00	5.844171e+01	0.000000e+00	0.000000e+00	0.000000e+00	-2.175351e+00	0.000000e+00

0.00	7.4000	-9.628940	1.488109e-02	-9.190266e-02	0.000000e+00	0.000000e+00	0.000000e+00	0.000000e+00	5.844171e+01	0.000000e+00	0.000000e+00	0.000000e+00	-2.175351e+00	0.000000e+00

0.00	7.4500	-11.599270	-4.779500e-02	-5.676248e-02	0.000000e+00	0.000000e+00	0.000000e+00	0.000000e+00	5.844171e+01	0.000000e+00	0.000000e+00	0.000000e+00	-2.175351e+00	0.000000e+00

0.00	7.5000	-13.776973	-5.730104e-02	-7.181018e-03	0.000000e+00	0.000000e+00	0.000000e+00	0.000000e+00	5.844171e+01	0.000000e+00	0.000000e+00	0.000000e+00	-2.175351e+00	0.000000e+00

0.00	7.5500	-19.752807	-2.368746e-02	1.677161e-02	0.000000e+00	0.000000e+00	0.000000e+00	0.000000e+00	5.844171e+01	0.000000e+00	0.000000e+00	0.000000e+00	-2.175351e+00	0.000000e+00

0.00	7.6000	-23.174439	1.864296e-02	-5.964075e-03	0.000000e+00	0.000000e+00	0.000000e+00	0.000000e+00	5.844171e+01	0.000000e+00	0.000000e+00	0.000000e+00	-2.175351e+00	0.000000e+00

0.00	7.6500	-11.725197	3.055490e-02	-6.644826e-02	0.000000e+00	0.000000e+00	0.000000e+00	0.000000e+00	5.844171e+01	0.000000e+00	0.000000e+00	0.000000e+00	-2.175351e+00	0.000000e+00

0.00	7.7000	-6.650349	-1.010670e-02	-1.307931e-01	0.000000e+00	0.000000e+00	0.000000e+00	0.000000e+00	5.844171e+01	0.000000e+00	0.000000e+00	0.000000e+00	-2.175351e+00	0.000000e+00

0.00	7.7500	-3.655256	-9.594683e-02	-1.584041e-01	0.000000e+00	0.000000e+00	0.000000e+00	0.000000e+00	5.844171e+01	0.000000e+00	0.000000e+00	0.000000e+00	-2.175351e+00	0.000000e+00

0.00	7.8000	-1.799390	-1.929880e-01	-1.238520e-01	0.000000e+00	0.000000e+00	0.000000e+00	0.000000e+00	5.844171e+01	0.000000e+00	0.000000e+00	0.000000e+00	-2.175351e+00	0.000000e+00

0.00	7.8500	-0.728116	-2.575433e-01	-3.107668e-02	0.000000e+00	0.000000e+00	0.000000e+00	0.000000e+00	5.844171e+01	0.000000e+00	0.000000e+00	0.000000e+00	-2.175351e+00	0.000000e+00

0.00	7.9000	-0.295750	-2.582853e-01	8.733513e-02	0.000000e+00	0.000000e+00	0.000000e+00	0.000000e+00	5.844171e+01	0.000000e+00	0.000000e+00	0.000000e+00	-2.175351e+00	0.000000e+00

0.00	7.9500	-0.475317	-1.922560e-01	1.853790e-01	0.000000e+00	0.000000e+00	0.000000e+00	0.000000e+00	5.844171e+01	0.000000e+00	0.000000e+00	0.000000e+00	-2.175351e+00	0.000000e+00

0.00	8.0000	-1.341781	-8.677641e-02	2.256028e-01	0.000000e+00	0.000000e+00	0.000000e+00	0.000000e+00	5.844171e+01	0.000000e+00	0.000000e+00	0.000000e+00	-2.175351e+00	0.000000e+00

0.00	8.0500	-3.108670	1.355142e-02	1.967587e-01	0.000000e+00	0.000000e+00	0.000000e+00	0.000000e+00	5.844171e+01	0.000000e+00	0.000000e+00	0.000000e+00	-2.175351e+00	0.000000e+00

0.00	8.1000	-6.299108	6.804486e-02	1.184420e-01	0.000000e+00	0.000000e+00	0.000000e+00	0.000000e+00	5.844171e+01	0.000000e+00	0.000000e+00	0.000000e+00	-2.175351e+00	0.000000e+00

0.00	8.1500	-12.586777	5.866888e-02	3.073118e-02	0.000000e+00	0.000000e+00	0.000000e+00	0.000000e+00	5.844171e+01	0.000000e+00	0.000000e+00	0.000000e+00	-2.175351e+00	0.000000e+00

0.00	8.2000	-20.787802	-2.869671e-03	-2.560319e-02	0.000000e+00	0.000000e+00	0.000000e+00	0.000000e+00	5.844171e+01	0.000000e+00	0.000000e+00	0.000000e+00	-2.175351e+00	0.000000e+00

0.00	8.2500	-10.177682	-8.272450e-02	-2.820284e-02	0.000000e+00	0.000000e+00	0.000000e+00	0.000000e+00	5.844171e+01	0.000000e+00	0.000000e+00	0.000000e+00	-2.175351e+00	0.000000e+00

0.00	8.3000	-5.845747	-1.428002e-01	1.788290e-02	0.000000e+00	0.000000e+00	0.000000e+00	0.000000e+00	5.844171e+01	0.000000e+00	0.000000e+00	0.000000e+00	-2.175351e+00	0.000000e+00

0.00	8.3500	-3.859843	-1.595141e-01	8.529188e-02	0.000000e+00	0.000000e+00	0.000000e+00	0.000000e+00	5.844171e+01	0.000000e+00	0.000000e+00	0.000000e+00	-2.175351e+00	0.000000e+00

0.00	8.4000	-3.255032	-1.339543e-01	1.402314e-01	0.000000e+00	0.000000e+00	0.000000e+00	0.000000e+00	5.844171e+01	0.000000e+00	0.000000e+00	0.000000e+00	-2.175351e+00	0.000000e+00

0.00	8.4500	-3.740319	-8.873065e-02	1.604970e-01	0.000000e+00	0.000000e+00	0.000000e+00	0.000000e+00	5.844171e+01	0.000000e+00	0.000000e+00	0.000000e+00	-2.175351e+00	0.000000e+00

0.00	8.5000	-5.154381	-5.383047e-02	1.462466e-01	0.000000e+00	0.000000e+00	0.000000e+00	0.000000e+00	5.844171e+01	0.000000e+00	0.000000e+00	0.000000e+00	-2.175351e+00	0.000000e+00

0.00	8.5500	-6.853022	-4.937140e-02	1.182658e-01	0.000000e+00	0.000000e+00	0.000000e+00	0.000000e+00	5.844171e+01	0.000000e+00	0.000000e+00	0.000000e+00	-2.175351e+00	0.000000e+00

0.00	8.6000	-6.805837	-7.445759e-02	1.051657e-01	0.000000e+00	0.000000e+00	0.000000e+00	0.000000e+00	5.844171e+01	0.000000e+00	0.000000e+00	0.000000e+00	-2.175351e+00	0.000000e+00

0.00	8.6500	-4.586702	-1.078379e-01	1.266809e-01	0.000000e+00	0.000000e+00	0.000000e+00	0.000000e+00	5.844171e+01	0.000000e+00	0.000000e+00	0.000000e+00	-2.175351e+00	0.000000e+00

0.00	8.7000	-2.243259	-1.196987e-01	1.820635e-01	0.000000e+00	0.000000e+00	0.000000e+00	0.000000e+00	5.844171e+01	0.000000e+00	0.000000e+00	0.000000e+00	-2.175351e+00	0.000000e+00

0.00	8.7500	-0.552025	-8.809324e-02	2.496368e-01	0.000000e+00	0.000000e+00	0.000000e+00	0.000000e+00	5.844171e+01	0.000000e+00	0.000000e+00	0.000000e+00	-2.175351e+00	0.000000e+00

0.00	8.8000	0.469613	-1.123735e-02	2.975543e-01	0.000000e+00	0.000000e+00	0.000000e+00	0.000000e+00	5.844171e+01	0.000000e+00	0.000000e+00	0.000000e+00	-2.175351e+00	0.000000e+00

0.00	8.8500	0.912678	9.071669e-02	2.999306e-01	0.000000e+00	0.000000e+00	0.000000e+00	0.000000e+00	5.844171e+01	0.000000e+00	0.000000e+00	0.000000e+00	-2.175351e+00	0.000000e+00

0.00	8.9000	0.846545	1.851587e-01	2.498406e-01	0.000000e+00	0.000000e+00	0.000000e+00	0.000000e+00	5.844171e+01	0.000000e+00	0.000000e+00	0.000000e+00	-2.175351e+00	0.000000e+00

0.00	8.9500	0.300051	2.425915e-01	1.625397e-01	0.000000e+00	0.000000e+00	0.000000e+00	0.000000e+00	5.844171e+01	0.000000e+00	0.000000e+00	0.000000e+00	-2.175351e+00	0.000000e+00

0.00	9.0000	-0.739287	2.501177e-01	6.754720e-02	0.000000e+00	0.000000e+00	0.000000e+00	0.000000e+00	5.844171e+01	0.000000e+00	0.000000e+00	0.000000e+00	-2.175351e+00	0.000000e+00

0.00	9.0500	-2.314654	2.160226e-01	-5.923747e-03	0.000000e+00	0.000000e+00	0.000000e+00	0.000000e+00	5.844171e+01	0.000000e+00	0.000000e+00	0.000000e+00	-2.175351e+00	0.000000e+00

0.00	9.1000	-4.452914	1.635404e-01	-4.239670e-02	0.000000e+00	0.000000e+00	0.000000e+00	0.000000e+00	5.844171e+01	0.000000e+00	0.000000e+00	0.000000e+00	-2.175351e+00	0.000000e+00

0.00	9.1500	-6.990223	1.176403e-01	-4.554488e-02	0.000000e+00	0.000000e+00	0.000000e+00	0.000000e+00	5.844171e+01	0.000000e+00	0.000000e+00	0.000000e+00	-2.175351e+00	0.000000e+00

0.00	9.2000	-9.182718	9.219913e-02	-3.323830e-02	0.000000e+00	0.000000e+00	0.000000e+00	0.000000e+00	5.844171e+01	0.000000e+00	0.000000e+00	0.000000e+00	-2.175351e+00	0.000000e+00

0.00	9.2500	-10.100987	8.440254e-02	-2.551570e-02	0.000000e+00	0.000000e+00	0.000000e+00	0.000000e+00	5.844171e+01	0.000000e+00	0.000000e+00	0.000000e+00	-2.175351e+00	0.000000e+00

0.00	9.3000	-10.375438	7.902375e-02	-3.246478e-02	0.000000e+00	0.000000e+00	0.000000e+00	0.000000e+00	5.844171e+01	0.000000e+00	0.000000e+00	0.000000e+00	-2.175351e+00	0.000000e+00

0.00	9.3500	-11.265399	5.971058e-02	-4.879543e-02	0.000000e+00	0.000000e+00	0.000000e+00	0.000000e+00	5.844171e+01	0.000000e+00	0.000000e+00	0.000000e+00	-2.175351e+00	0.000000e+00

0.00	9.4000	-13.226398	2.058828e-02	-5.798154e-02	0.000000e+00	0.000000e+00	0.000000e+00	0.000000e+00	5.844171e+01	0.000000e+00	0.000000e+00	0.000000e+00	-2.175351e+00	0.000000e+00

0.00	9.4500	-14.690844	-2.858445e-02	-4.341724e-02	0.000000e+00	0.000000e+00	0.000000e+00	0.000000e+00	5.844171e+01	0.000000e+00	0.000000e+00	0.000000e+00	-2.175351e+00	0.000000e+00

0.00	9.5000	-12.514263	-6.678542e-02	-7.417757e-05	0.000000e+00	0.000000e+00	0.000000e+00	0.000000e+00	5.844171e+01	0.000000e+00	0.000000e+00	0.000000e+00	-2.175351e+00	0.000000e+00

0.00	9.5500	-9.467407	-7.331403e-02	6.017518e-02	0.000000e+00	0.000000e+00	0.000000e+00	0.000000e+00	5.844171e+01	0.000000e+00	0.000000e+00	0.000000e+00	-2.175351e+00	0.000000e+00

0.00	9.6000	-7.435794	-4.015413e-02	1.129137e-01	0.000000e+00	0.000000e+00	0.000000e+00	0.000000e+00	5.844171e+01	0.000000e+00	0.000000e+00	0.000000e+00	-2.175351e+00	0.000000e+00

0.00	9.6500	-6.403746	2.190689e-02	1.331710e-01	0.000000e+00	0.000000e+00	0.000000e+00	0.000000e+00	5.844171e+01	0.000000e+00	0.000000e+00	0.000000e+00	-2.175351e+00	0.000000e+00

0.00	9.7000	-6.129996	8.711896e-02	1.086729e-01	0.000000e+00	0.000000e+00	0.000000e+00	0.000000e+00	5.844171e+01	0.000000e+00	0.000000e+00	0.000000e+00	-2.175351e+00	0.000000e+00

0.00	9.7500	-6.380145	1.268704e-01	4.709134e-02	0.000000e+00	0.000000e+00	0.000000e+00	0.000000e+00	5.844171e+01	0.000000e+00	0.000000e+00	0.000000e+00	-2.175351e+00	0.000000e+00

0.00	9.8000	-6.955712	1.237696e-01	-2.686285e-02	0.000000e+00	0.000000e+00	0.000000e+00	0.000000e+00	5.844171e+01	0.000000e+00	0.000000e+00	0.000000e+00	-2.175351e+00	0.000000e+00

0.00	9.8500	-7.749860	8.020711e-02	-8.322709e-02	0.000000e+00	0.000000e+00	0.000000e+00	0.000000e+00	5.844171e+01	0.000000e+00	0.000000e+00	0.000000e+00	-2.175351e+00	0.000000e+00

0.00	9.9000	-8.775579	1.674751e-02	-1.013362e-01	0.000000e+00	0.000000e+00	0.000000e+00	0.000000e+00	5.844171e+01	0.000000e+00	0.000000e+00	0.000000e+00	-2.175351e+00	0.000000e+00

0.00	9.9500	-10.076120	-3.886180e-02	-7.943076e-02	0.000000e+00	0.000000e+00	0.000000e+00	0.000000e+00	5.844171e+01	0.000000e+00	0.000000e+00	0.000000e+00	-2.175351e+00	0.000000e+00

0.00	10.0000	-11.564182	-6.619246e-02	-3.419893e-02	0.000000e+00	0.000000e+00	0.000000e+00	0.000000e+00	5.844171e+01	0.000000e+00	0.000000e+00	0.000000e+00	-2.175351e+00	0.000000e+00


