0.000000	5.000000	-12.822520	-0.022310	0.060473	0.000000	0.000000	0.000000	0.000000
0.000000	5.050000	-25.377531	0.013999	-0.005892	0.000000	0.000000	0.000000	0.000000
0.000000	5.100000	-10.318398	-0.000658	-0.085993	0.000000	0.000000	0.000000	0.000000
0.000000	5.150000	-5.060503	-0.066956	-0.142595	0.000000	0.000000	0.000000	0.000000
0.000000	5.200000	-2.320776	-0.159473	-0.145614	0.000000	0.000000	0.000000	0.000000
0.000000	5.250000	-0.931421	-0.237493	-0.088397	0.000000	0.000000	0.000000	0.000000
0.000000	5.300000	-0.560445	-0.264368	0.007273	0.000000	0.000000	0.000000	0.000000
0.000000	5.350000	-1.153670	-0.225655	0.100463	0.000000	0.000000	0.000000	0.000000
0.000000	5.400000	-2.850614	-0.136653	0.150349	0.000000	0.000000	0.000000	0.000000
0.000000	5.450000	-6.067312	-0.035230	0.135795	0.000000	0.000000	0.000000	0.000000
0.000000	5.500000	-11.524779	0.036606	0.065281	0.000000	0.000000	0.000000	0.000000
0.000000	5.550000	-13.443036	0.053101	-0.027961	0.000000	0.000000	0.000000	0.000000
0.000000	5.600000	-8.625560	0.016686	-0.103159	0.000000	0.000000	0.000000	0.000000
0.000000	5.650000	-6.081698	-0.044677	-0.132742	0.000000	0.000000	0.000000	0.000000
0.000000	5.700000	-5.557705	-0.093337	-0.115845	0.000000	0.000000	0.000000	0.000000
0.000000	5.750000	-6.815524	-0.102706	-0.077577	0.000000	0.000000	0.000000	0.000000
0.000000	5.800000	-9.901785	-0.071997	-0.054371	0.000000	0.000000	0.000000	0.000000
0.000000	5.850000	-11.171532	-0.027063	-0.073102	0.000000	0.000000	0.000000	0.000000
0.000000	5.900000	-6.391280	-0.006670	-0.134990	0.000000	0.000000	0.000000	0.000000
0.000000	5.950000	-2.280504	-0.041163	-0.213014	0.000000	0.000000	0.000000	0.000000
0.000000	6.000000	0.444032	-0.134676	-0.264588	0.000000	0.000000	0.000000	0.000000
0.000000	6.050000	2.196335	-0.260375	-0.253296	0.000000	0.000000	0.000000	0.000000
0.000000	6.100000	3.208681	-0.371709	-0.168600	0.000000	0.000000	0.000000	0.000000
0.000000	6.150000	3.572598	-0.424328	-0.033181	0.000000	0.000000	0.000000	0.000000
0.000000	6.200000	3.283599	-0.397756	0.106218	0.000000	0.000000	0.000000	0.000000
0.000000	6.250000	2.250225	-0.305787	0.200241	0.000000	0.000000	0.000000	0.000000
0.000000	6.300000	0.264767	-0.190134	0.220066	0.000000	0.000000	0.000000	0.000000
0.000000	6.350000	-3.075676	-0.100360	0.170652	0.000000	0.000000	0.000000	0.000000
0.000000	6.400000	-8.021927	-0.070066	0.087404	0.000000	0.000000	0.000000	0.000000
0.000000	6.450000	-8.761755	-0.101300	0.017929	0.000000	0.000000	0.000000	0.000000
0.000000	6.500000	-4.657878	-0.164996	-0.001861	0.000000	0.000000	0.000000	0.000000
0.000000	6.550000	-2.163934	-0.217117	0.034790	0.000000	0.000000	0.000000	0.000000
0.000000	6.600000	-1.224686	-0.222147	0.103315	0.000000	0.000000	0.000000	0.000000
0.000000	6.650000	-1.545731	-0.171847	0.161911	0.000000	0.000000	0.000000	0.000000
0.000000	6.700000	-3.154441	-0.089575	0.174545	0.000000	0.000000	0.000000	0.000000
0.000000	6.750000	-6.586808	-0.017933	0.130924	0.000000	0.000000	0.000000	0.000000
0.000000	6.800000	-14.501541	0.003973	0.052979	0.000000	0.000000	0.000000	0.000000
0.000000	6.850000	-16.714716	-0.038085	-0.015656	0.000000	0.000000	0.000000	0.000000
0.000000	6.900000	-6.823959	-0.124546	-0.031985	0.000000	0.000000	0.000000	0.000000
0.000000	6.950000	-2.491095	-0.210446	0.023541	0.000000	0.000000	0.000000	0.000000
0.000000	7.000000	-0.008495	-0.247132	0.135454	0.000000	0.000000	0.000000	0.000000
0.000000	7.050000	1.395963	-0.206485	0.259055	0.000000	0.000000	0.000000	0.000000
0.000000	7.100000	1.973025	-0.095482	0.340916	0.000000	0.000000	0.000000	0.000000
0.000000	7.150000	1.802119	0.046281	0.344038	0.000000	0.000000	0.000000	0.000000
0.000000	7.200000	0.884201	0.164955	0.265209	0.000000	0.000000	0.000000	0.000000
0.000000	7.250000	-0.822187	0.217581	0.136054	0.000000	0.000000	0.000000	0.000000
0.000000	7.300000	-3.353295	0.191605	0.007396	0.000000	0.000000	0.000000	0.000000
0.000000	7.350000	-6.558923	0.109241	-0.075109	0.000000	0.000000	0.000000	0.000000
0.000000	7.400000	-9.628940	0.014881	-0.091903	0.000000	0.000000	0.000000	0.000000
0.000000	7.450000	-11.599270	-0.047795	-0.056762	0.000000	0.000000	0.000000	0.000000
0.000000	7.500000	-13.776973	-0.057301	-0.007181	0.000000	0.000000	0.000000	0.000000
0.000000	7.550000	-19.752807	-0.023687	0.016772	0.000000	0.000000	0.000000	0.000000
0.000000	7.600000	-23.174439	0.018643	-0.005964	0.000000	0.000000	0.000000	0.000000
0.000000	7.650000	-11.725197	0.030555	-0.066448	0.000000	0.000000	0.000000	0.000000
0.000000	7.700000	-6.650349	-0.010107	-0.130793	0.000000	0.000000	0.000000	0.000000
0.000000	7.750000	-3.655256	-0.095947	-0.158404	0.000000	0.000000	0.000000	0.000000
0.000000	7.800000	-1.799390	-0.192988	-0.123852	0.000000	0.000000	0.000000	0.000000
0.000000	7.850000	-0.728116	-0.257543	-0.031077	0.000000	0.000000	0.000000	0.000000
0.000000	7.900000	-0.295750	-0.258285	0.087335	0.000000	0.000000	0.000000	0.000000
0.000000	7.950000	-0.475317	-0.192256	0.185379	0.000000	0.000000	0.000000	0.000000
0.000000	8.000000	-1.341781	-0.086776	0.225603	0.000000	0.000000	0.000000	0.000000
0.000000	8.050000	-3.108670	0.013551	0.196759	0.000000	0.000000	0.000000	0.000000
0.000000	8.100000	-6.299108	0.068045	0.118442	0.000000	0.000000	0.000000	0.000000
0.000000	8.150000	-12.586777	0.058669	0.030731	0.000000	0.000000	0.000000	0.000000
0.000000	8.200000	-20.787802	-0.002870	-0.025603	0.000000	0.000000	0.000000	0.000000
0.000000	8.250000	-10.177682	-0.082725	-0.028203	0.000000	0.000000	0.000000	0.000000
0.000000	8.300000	-5.845747	-0.142800	0.017883	0.000000	0.000000	0.000000	0.000000
0.000000	8.350000	-3.859843	-0.159514	0.085292	0.000000	0.000000	0.000000	0.000000
0.000000	8.400000	-3.255032	-0.133954	0.140231	0.000000	0.000000	0.000000	0.000000
0.000000	8.450000	-3.740319	-0.088731	0.160497	0.000000	0.000000	0.000000	0.000000
0.000000	8.500000	-5.154381	-0.053830	0.146247	0.000000	0.000000	0.000000	0.000000
0.000000	8.550000	-6.853022	-0.049371	0.118266	0.000000	0.000000	0.000000	0.000000
0.000000	8.600000	-6.805837	-0.074458	0.105166	0.000000	0.000000	0.000000	0.000000
0.000000	8.650000	-4.586702	-0.107838	0.126681	0.000000	0.000000	0.000000	0.000000
0.000000	8.700000	-2.243259	-0.119699	0.182064	0.000000	0.000000	0.000000	0.000000
0.000000	8.750000	-0.552025	-0.088093	0.249637	0.000000	0.000000	0.000000	0.000000
0.000000	8.800000	0.469613	-0.011237	0.297554	0.000000	0.000000	0.000000	0.000000
0.000000	8.850000	0.912678	0.090717	0.299931	0.000000	0.000000	0.000000	0.000000
0.000000	8.900000	0.846545	0.185159	0.249841	0.000000	0.000000	0.000000	0.000000
0.000000	8.950000	0.300051	0.242592	0.162540	0.000000	0.000000	0.000000	0.000000
0.000000	9.000000	-0.739287	0.250118	0.067547	0.000000	0.000000	0.000000	0.000000
0.000000	9.050000	-2.314654	0.216023	-0.005924	0.000000	0.000000	0.000000	0.000000
0.000000	9.100000	-4.452914	0.163540	-0.042397	0.000000	0.000000	0.000000	0.000000
0.000000	9.150000	-6.990223	0.117640	-0.045545	0.000000	0.000000	0.000000	0.000000
0.000000	9.200000	-9.182718	0.092199	-0.033238	0.000000	0.000000	0.000000	0.000000
0.000000	9.250000	-10.100987	0.084403	-0.025516	0.000000	0.000000	0.000000	0.000000
0.000000	9.300000	-10.375438	0.079024	-0.032465	0.000000	0.000000	0.000000	0.000000
0.000000	9.350000	-11.265399	0.059711	-0.048795	0.000000	0.000000	0.000000	0.000000
0.000000	9.400000	-13.226398	0.020588	-0.057982	0.000000	0.000000	0.000000	0.000000
0.000000	9.450000	-14.690844	-0.028584	-0.043417	0.000000	0.000000	0.000000	0.000000
0.000000	9.500000	-12.514263	-0.066785	-0.000074	0.000000	0.000000	0.000000	0.000000
0.000000	9.550000	-9.467407	-0.073314	0.060175	0.000000	0.000000	0.000000	0.000000
0.000000	9.600000	-7.435794	-0.040154	0.112914	0.000000	0.000000	0.000000	0.000000
0.000000	9.650000	-6.403746	0.021907	0.133171	0.000000	0.000000	0.000000	0.000000
0.000000	9.700000	-6.129996	0.087119	0.108673	0.000000	0.000000	0.000000	0.000000
0.000000	9.750000	-6.380145	0.126870	0.047091	0.000000	0.000000	0.000000	0.000000
0.000000	9.800000	-6.955712	0.123770	-0.026863	0.000000	0.000000	0.000000	0.000000
0.000000	9.850000	-7.749860	0.080207	-0.083227	0.000000	0.000000	0.000000	0.000000
0.000000	9.900000	-8.775579	0.016748	-0.101336	0.000000	0.000000	0.000000	0.000000
0.000000	9.950000	-10.076120	-0.038862	-0.079431	0.000000	0.000000	0.000000	0.000000
0.000000	10.000000	-11.564182	-0.066192	-0.034199	0.000000	0.000000	0.000000	0.000000
